{
 "cells": [
  {
   "cell_type": "code",
   "execution_count": 1,
   "metadata": {},
   "outputs": [],
   "source": [
    "import torch\n",
    "inputs = torch.tensor(\n",
    "  [[0.43, 0.15, 0.89], # Your     (x^1)\n",
    "   [0.55, 0.87, 0.66], # journey  (x^2)\n",
    "   [0.57, 0.85, 0.64], # starts   (x^3)\n",
    "   [0.22, 0.58, 0.33], # with     (x^4)\n",
    "   [0.77, 0.25, 0.10], # one      (x^5)\n",
    "   [0.05, 0.80, 0.55]] # step     (x^6)\n",
    ")"
   ]
  },
  {
   "cell_type": "code",
   "execution_count": 2,
   "metadata": {},
   "outputs": [
    {
     "name": "stdout",
     "output_type": "stream",
     "text": [
      "tensor([0.9544, 1.4950, 1.4754, 0.8434, 0.7070, 1.0865])\n",
      "tensor([0.1385, 0.2379, 0.2333, 0.1240, 0.1082, 0.1581])\n"
     ]
    }
   ],
   "source": [
    "query = inputs[1]\n",
    "attn_scores_2 = torch.empty(inputs.shape[0])\n",
    "for i,x_i in enumerate(inputs):\n",
    "    attn_scores_2[i] = torch.dot(x_i, query)\n",
    "print(attn_scores_2)\n",
    "\n",
    "attn_weight_2_temp = torch.softmax(attn_scores_2, dim=0)\n",
    "print(attn_weight_2_temp)"
   ]
  },
  {
   "cell_type": "code",
   "execution_count": 3,
   "metadata": {},
   "outputs": [
    {
     "name": "stdout",
     "output_type": "stream",
     "text": [
      "tensor([0.4300, 0.1500, 0.8900]) tensor([0.0596, 0.0208, 0.1233])\n",
      "tensor([0.5500, 0.8700, 0.6600]) tensor([0.1308, 0.2070, 0.1570])\n",
      "tensor([0.5700, 0.8500, 0.6400]) tensor([0.1330, 0.1983, 0.1493])\n",
      "tensor([0.2200, 0.5800, 0.3300]) tensor([0.0273, 0.0719, 0.0409])\n",
      "tensor([0.7700, 0.2500, 0.1000]) tensor([0.0833, 0.0270, 0.0108])\n",
      "tensor([0.0500, 0.8000, 0.5500]) tensor([0.0079, 0.1265, 0.0870])\n",
      "tensor([0.4419, 0.6515, 0.5683])\n"
     ]
    }
   ],
   "source": [
    "query = inputs[1]\n",
    "context_vec_2 = torch.zeros(query.shape)\n",
    "for i,x_i in enumerate(inputs):\n",
    "    print(x_i, x_i*attn_weight_2_temp[i])\n",
    "    context_vec_2 += x_i * attn_weight_2_temp[i]\n",
    "print(context_vec_2)"
   ]
  },
  {
   "cell_type": "code",
   "execution_count": 4,
   "metadata": {},
   "outputs": [
    {
     "name": "stdout",
     "output_type": "stream",
     "text": [
      "tensor([[0.9995, 0.9544, 0.9422, 0.4753, 0.4576, 0.6310],\n",
      "        [0.9544, 1.4950, 1.4754, 0.8434, 0.7070, 1.0865],\n",
      "        [0.9422, 1.4754, 1.4570, 0.8296, 0.7154, 1.0605],\n",
      "        [0.4753, 0.8434, 0.8296, 0.4937, 0.3474, 0.6565],\n",
      "        [0.4576, 0.7070, 0.7154, 0.3474, 0.6654, 0.2935],\n",
      "        [0.6310, 1.0865, 1.0605, 0.6565, 0.2935, 0.9450]])\n"
     ]
    }
   ],
   "source": [
    "attn_scores = torch.empty(6,6)\n",
    "for i,x_i in enumerate(inputs):\n",
    "    for j,x_j in enumerate(inputs):\n",
    "        attn_scores[i,j] = torch.dot(x_i, x_j)\n",
    "print(attn_scores)"
   ]
  },
  {
   "cell_type": "code",
   "execution_count": 5,
   "metadata": {},
   "outputs": [
    {
     "name": "stdout",
     "output_type": "stream",
     "text": [
      "tensor([[0.9995, 0.9544, 0.9422, 0.4753, 0.4576, 0.6310],\n",
      "        [0.9544, 1.4950, 1.4754, 0.8434, 0.7070, 1.0865],\n",
      "        [0.9422, 1.4754, 1.4570, 0.8296, 0.7154, 1.0605],\n",
      "        [0.4753, 0.8434, 0.8296, 0.4937, 0.3474, 0.6565],\n",
      "        [0.4576, 0.7070, 0.7154, 0.3474, 0.6654, 0.2935],\n",
      "        [0.6310, 1.0865, 1.0605, 0.6565, 0.2935, 0.9450]])\n",
      "tensor([[0.2098, 0.2006, 0.1981, 0.1242, 0.1220, 0.1452],\n",
      "        [0.1385, 0.2379, 0.2333, 0.1240, 0.1082, 0.1581],\n",
      "        [0.1390, 0.2369, 0.2326, 0.1242, 0.1108, 0.1565],\n",
      "        [0.1435, 0.2074, 0.2046, 0.1462, 0.1263, 0.1720],\n",
      "        [0.1526, 0.1958, 0.1975, 0.1367, 0.1879, 0.1295],\n",
      "        [0.1385, 0.2184, 0.2128, 0.1420, 0.0988, 0.1896]])\n",
      "tensor([[0.4421, 0.5931, 0.5790],\n",
      "        [0.4419, 0.6515, 0.5683],\n",
      "        [0.4431, 0.6496, 0.5671],\n",
      "        [0.4304, 0.6298, 0.5510],\n",
      "        [0.4671, 0.5910, 0.5266],\n",
      "        [0.4177, 0.6503, 0.5645]])\n"
     ]
    }
   ],
   "source": [
    "attn_scores = inputs @ inputs.T\n",
    "print(attn_scores)\n",
    "\n",
    "attn_weights = torch.softmax(attn_scores, dim=1)\n",
    "print(attn_weights)\n",
    "\n",
    "all_context_vecs = attn_weights @ inputs\n",
    "print(all_context_vecs)"
   ]
  },
  {
   "cell_type": "code",
   "execution_count": 6,
   "metadata": {},
   "outputs": [
    {
     "name": "stdout",
     "output_type": "stream",
     "text": [
      "Parameter containing:\n",
      "tensor([[0.2961, 0.5166],\n",
      "        [0.2517, 0.6886],\n",
      "        [0.0740, 0.8665]], requires_grad=True) Parameter containing:\n",
      "tensor([[0.1366, 0.1025],\n",
      "        [0.1841, 0.7264],\n",
      "        [0.3153, 0.6871]], requires_grad=True) Parameter containing:\n",
      "tensor([[0.0756, 0.1966],\n",
      "        [0.3164, 0.4017],\n",
      "        [0.1186, 0.8274]], requires_grad=True)\n",
      "tensor([0.4306, 1.4551], grad_fn=<SqueezeBackward4>) tensor([0.4433, 1.1419], grad_fn=<SqueezeBackward4>) tensor([0.3951, 1.0037], grad_fn=<SqueezeBackward4>)\n"
     ]
    }
   ],
   "source": [
    "x_2 = inputs[1]\n",
    "d_in = inputs.shape[1]\n",
    "d_out = 2\n",
    "\n",
    "torch.manual_seed(123)\n",
    "W_query = torch.nn.Parameter(torch.rand(d_in, d_out))\n",
    "W_key = torch.nn.Parameter(torch.rand(d_in, d_out))\n",
    "W_value = torch.nn.Parameter(torch.rand(d_in, d_out))\n",
    "print(W_query, W_key, W_value)\n",
    "\n",
    "query_2 = x_2 @ W_query\n",
    "key_2 = x_2 @ W_key\n",
    "value_2 = x_2 @ W_value\n",
    "print(query_2, key_2, value_2)"
   ]
  },
  {
   "cell_type": "code",
   "execution_count": 7,
   "metadata": {},
   "outputs": [
    {
     "name": "stdout",
     "output_type": "stream",
     "text": [
      "tensor([[0.3669, 0.7646],\n",
      "        [0.4433, 1.1419],\n",
      "        [0.4361, 1.1156],\n",
      "        [0.2408, 0.6706],\n",
      "        [0.1827, 0.3292],\n",
      "        [0.3275, 0.9642]], grad_fn=<MmBackward0>) tensor([[0.1855, 0.8812],\n",
      "        [0.3951, 1.0037],\n",
      "        [0.3879, 0.9831],\n",
      "        [0.2393, 0.5493],\n",
      "        [0.1492, 0.3346],\n",
      "        [0.3221, 0.7863]], grad_fn=<MmBackward0>)\n"
     ]
    }
   ],
   "source": [
    "keys = inputs @ W_key\n",
    "values = inputs @ W_value\n",
    "print(keys, values)"
   ]
  },
  {
   "cell_type": "code",
   "execution_count": 8,
   "metadata": {},
   "outputs": [
    {
     "name": "stdout",
     "output_type": "stream",
     "text": [
      "tensor(1.8524, grad_fn=<DotBackward0>)\n",
      "tensor([1.2705, 1.8524, 1.8111, 1.0795, 0.5577, 1.5440],\n",
      "       grad_fn=<SqueezeBackward4>)\n"
     ]
    }
   ],
   "source": [
    "keys_2 = keys[1]\n",
    "attn_score_22 = query_2.dot(keys_2)\n",
    "print(attn_score_22)\n",
    "\n",
    "attn_scores_2 = query_2 @ keys.T\n",
    "print(attn_scores_2)"
   ]
  },
  {
   "cell_type": "code",
   "execution_count": 9,
   "metadata": {},
   "outputs": [
    {
     "name": "stdout",
     "output_type": "stream",
     "text": [
      "tensor([0.1500, 0.2264, 0.2199, 0.1311, 0.0906, 0.1820],\n",
      "       grad_fn=<SoftmaxBackward0>)\n"
     ]
    }
   ],
   "source": [
    "d_k = keys.shape[-1]\n",
    "attn_weights_2 = torch.softmax(attn_scores_2 / d_k**0.5, dim=-1)\n",
    "print(attn_weights_2)"
   ]
  },
  {
   "cell_type": "code",
   "execution_count": 10,
   "metadata": {},
   "outputs": [
    {
     "name": "stdout",
     "output_type": "stream",
     "text": [
      "tensor([0.3061, 0.8210], grad_fn=<SqueezeBackward4>)\n"
     ]
    }
   ],
   "source": [
    "context_vev_2 = attn_weights_2 @ values\n",
    "print(context_vev_2)"
   ]
  },
  {
   "cell_type": "code",
   "execution_count": 11,
   "metadata": {},
   "outputs": [
    {
     "name": "stdout",
     "output_type": "stream",
     "text": [
      "tensor([[0.2996, 0.8053],\n",
      "        [0.3061, 0.8210],\n",
      "        [0.3058, 0.8203],\n",
      "        [0.2948, 0.7939],\n",
      "        [0.2927, 0.7891],\n",
      "        [0.2990, 0.8040]], grad_fn=<MmBackward0>)\n"
     ]
    }
   ],
   "source": [
    "import torch.nn as nn\n",
    "\n",
    "class SelfAttention_v1(nn.Module):\n",
    "\n",
    "    def __init__(self, d_in, d_out):\n",
    "        super().__init__()\n",
    "        self.W_query = nn.Parameter(torch.rand(d_in, d_out))\n",
    "        self.W_key   = nn.Parameter(torch.rand(d_in, d_out))\n",
    "        self.W_value = nn.Parameter(torch.rand(d_in, d_out))\n",
    "\n",
    "    def forward(self, x):\n",
    "        keys = x @ self.W_key\n",
    "        queries = x @ self.W_query\n",
    "        values = x @ self.W_value\n",
    "        \n",
    "        attn_scores = queries @ keys.T # omega\n",
    "        attn_weights = torch.softmax(\n",
    "            attn_scores / keys.shape[-1]**0.5, dim=-1\n",
    "        )\n",
    "\n",
    "        context_vec = attn_weights @ values\n",
    "        return context_vec\n",
    "\n",
    "torch.manual_seed(123)\n",
    "sa_v1 = SelfAttention_v1(d_in, d_out)\n",
    "print(sa_v1(inputs))"
   ]
  },
  {
   "cell_type": "code",
   "execution_count": 12,
   "metadata": {},
   "outputs": [
    {
     "name": "stdout",
     "output_type": "stream",
     "text": [
      "tensor([[-0.0739,  0.0713],\n",
      "        [-0.0748,  0.0703],\n",
      "        [-0.0749,  0.0702],\n",
      "        [-0.0760,  0.0685],\n",
      "        [-0.0763,  0.0679],\n",
      "        [-0.0754,  0.0693]], grad_fn=<MmBackward0>)\n"
     ]
    }
   ],
   "source": [
    "class SelfAttention_v2(nn.Module):\n",
    "\n",
    "    def __init__(self, d_in, d_out, qkv_bias=False):\n",
    "        super().__init__()\n",
    "        self.W_query = nn.Linear(d_in, d_out, bias=qkv_bias)\n",
    "        self.W_key   = nn.Linear(d_in, d_out, bias=qkv_bias)\n",
    "        self.W_value = nn.Linear(d_in, d_out, bias=qkv_bias)\n",
    "\n",
    "    def forward(self, x):\n",
    "        keys = self.W_key(x)\n",
    "        queries = self.W_query(x)\n",
    "        values = self.W_value(x)\n",
    "        \n",
    "        attn_scores = queries @ keys.T\n",
    "        attn_weights = torch.softmax(attn_scores / keys.shape[-1]**0.5, dim=-1)\n",
    "\n",
    "        context_vec = attn_weights @ values\n",
    "        return context_vec\n",
    "\n",
    "torch.manual_seed(789)\n",
    "sa_v2 = SelfAttention_v2(d_in, d_out)\n",
    "print(sa_v2(inputs))"
   ]
  },
  {
   "cell_type": "code",
   "execution_count": 13,
   "metadata": {},
   "outputs": [
    {
     "name": "stdout",
     "output_type": "stream",
     "text": [
      "tensor([[0.1921, 0.1646, 0.1652, 0.1550, 0.1721, 0.1510],\n",
      "        [0.2041, 0.1659, 0.1662, 0.1496, 0.1665, 0.1477],\n",
      "        [0.2036, 0.1659, 0.1662, 0.1498, 0.1664, 0.1480],\n",
      "        [0.1869, 0.1667, 0.1668, 0.1571, 0.1661, 0.1564],\n",
      "        [0.1830, 0.1669, 0.1670, 0.1588, 0.1658, 0.1585],\n",
      "        [0.1935, 0.1663, 0.1666, 0.1542, 0.1666, 0.1529]],\n",
      "       grad_fn=<SoftmaxBackward0>)\n",
      "tensor([[ 0.2899,  0.0716,  0.0760, -0.0138,  0.1344, -0.0511],\n",
      "        [ 0.4656,  0.1723,  0.1751,  0.0259,  0.1771,  0.0085],\n",
      "        [ 0.4594,  0.1703,  0.1731,  0.0259,  0.1745,  0.0090],\n",
      "        [ 0.2642,  0.1024,  0.1036,  0.0186,  0.0973,  0.0122],\n",
      "        [ 0.2183,  0.0874,  0.0882,  0.0177,  0.0786,  0.0144],\n",
      "        [ 0.3408,  0.1270,  0.1290,  0.0198,  0.1290,  0.0078]],\n",
      "       grad_fn=<MmBackward0>)\n"
     ]
    }
   ],
   "source": [
    "queries = sa_v2.W_query(inputs)\n",
    "keys = sa_v2.W_key(inputs)\n",
    "attn_scores = queries @ keys.T\n",
    "\n",
    "attn_weights = torch.softmax(attn_scores/  keys.shape[-1]**0.5, dim=-1)\n",
    "print(attn_weights)\n",
    "print(attn_scores)"
   ]
  },
  {
   "cell_type": "code",
   "execution_count": 14,
   "metadata": {},
   "outputs": [
    {
     "name": "stdout",
     "output_type": "stream",
     "text": [
      "tensor([[1., 0., 0., 0., 0., 0.],\n",
      "        [1., 1., 0., 0., 0., 0.],\n",
      "        [1., 1., 1., 0., 0., 0.],\n",
      "        [1., 1., 1., 1., 0., 0.],\n",
      "        [1., 1., 1., 1., 1., 0.],\n",
      "        [1., 1., 1., 1., 1., 1.]])\n"
     ]
    }
   ],
   "source": [
    "context_length = attn_scores.shape[0]\n",
    "mask_simple = torch.tril(torch.ones(context_length, context_length))\n",
    "print(mask_simple)"
   ]
  },
  {
   "cell_type": "code",
   "execution_count": 15,
   "metadata": {},
   "outputs": [
    {
     "name": "stdout",
     "output_type": "stream",
     "text": [
      "tensor([[0.1921, 0.0000, 0.0000, 0.0000, 0.0000, 0.0000],\n",
      "        [0.2041, 0.1659, 0.0000, 0.0000, 0.0000, 0.0000],\n",
      "        [0.2036, 0.1659, 0.1662, 0.0000, 0.0000, 0.0000],\n",
      "        [0.1869, 0.1667, 0.1668, 0.1571, 0.0000, 0.0000],\n",
      "        [0.1830, 0.1669, 0.1670, 0.1588, 0.1658, 0.0000],\n",
      "        [0.1935, 0.1663, 0.1666, 0.1542, 0.1666, 0.1529]],\n",
      "       grad_fn=<MulBackward0>)\n"
     ]
    }
   ],
   "source": [
    "masked_simple = attn_weights * mask_simple\n",
    "print(masked_simple)"
   ]
  },
  {
   "cell_type": "code",
   "execution_count": 16,
   "metadata": {},
   "outputs": [
    {
     "name": "stdout",
     "output_type": "stream",
     "text": [
      "tensor([[1.0000, 0.0000, 0.0000, 0.0000, 0.0000, 0.0000],\n",
      "        [0.5517, 0.4483, 0.0000, 0.0000, 0.0000, 0.0000],\n",
      "        [0.3800, 0.3097, 0.3103, 0.0000, 0.0000, 0.0000],\n",
      "        [0.2758, 0.2460, 0.2462, 0.2319, 0.0000, 0.0000],\n",
      "        [0.2175, 0.1983, 0.1984, 0.1888, 0.1971, 0.0000],\n",
      "        [0.1935, 0.1663, 0.1666, 0.1542, 0.1666, 0.1529]],\n",
      "       grad_fn=<DivBackward0>)\n"
     ]
    }
   ],
   "source": [
    "row_sums = masked_simple.sum(dim=-1, keepdim=True)\n",
    "masked_simple_norm = masked_simple/row_sums\n",
    "print(masked_simple_norm)"
   ]
  },
  {
   "cell_type": "code",
   "execution_count": 17,
   "metadata": {},
   "outputs": [
    {
     "name": "stdout",
     "output_type": "stream",
     "text": [
      "tensor([[0.2899,   -inf,   -inf,   -inf,   -inf,   -inf],\n",
      "        [0.4656, 0.1723,   -inf,   -inf,   -inf,   -inf],\n",
      "        [0.4594, 0.1703, 0.1731,   -inf,   -inf,   -inf],\n",
      "        [0.2642, 0.1024, 0.1036, 0.0186,   -inf,   -inf],\n",
      "        [0.2183, 0.0874, 0.0882, 0.0177, 0.0786,   -inf],\n",
      "        [0.3408, 0.1270, 0.1290, 0.0198, 0.1290, 0.0078]],\n",
      "       grad_fn=<MaskedFillBackward0>)\n"
     ]
    }
   ],
   "source": [
    "mask = torch.triu(torch.ones(context_length, context_length), diagonal=1)\n",
    "masked = attn_scores.masked_fill(mask.bool(), -torch.inf)\n",
    "print(masked)"
   ]
  },
  {
   "cell_type": "code",
   "execution_count": 18,
   "metadata": {},
   "outputs": [
    {
     "name": "stdout",
     "output_type": "stream",
     "text": [
      "tensor([[1.0000, 0.0000, 0.0000, 0.0000, 0.0000, 0.0000],\n",
      "        [0.5517, 0.4483, 0.0000, 0.0000, 0.0000, 0.0000],\n",
      "        [0.3800, 0.3097, 0.3103, 0.0000, 0.0000, 0.0000],\n",
      "        [0.2758, 0.2460, 0.2462, 0.2319, 0.0000, 0.0000],\n",
      "        [0.2175, 0.1983, 0.1984, 0.1888, 0.1971, 0.0000],\n",
      "        [0.1935, 0.1663, 0.1666, 0.1542, 0.1666, 0.1529]],\n",
      "       grad_fn=<SoftmaxBackward0>)\n"
     ]
    }
   ],
   "source": [
    "attn_weights = torch.softmax(masked / keys.shape[-1]**0.5, dim=-1)\n",
    "print(attn_weights)"
   ]
  },
  {
   "cell_type": "code",
   "execution_count": 20,
   "metadata": {},
   "outputs": [
    {
     "name": "stdout",
     "output_type": "stream",
     "text": [
      "tensor([[2.0000, 0.0000, 0.0000, 0.0000, 0.0000, 0.0000],\n",
      "        [0.0000, 0.0000, 0.0000, 0.0000, 0.0000, 0.0000],\n",
      "        [0.7599, 0.6194, 0.6206, 0.0000, 0.0000, 0.0000],\n",
      "        [0.0000, 0.4921, 0.4925, 0.0000, 0.0000, 0.0000],\n",
      "        [0.0000, 0.3966, 0.0000, 0.3775, 0.0000, 0.0000],\n",
      "        [0.0000, 0.3327, 0.3331, 0.3084, 0.3331, 0.0000]],\n",
      "       grad_fn=<MulBackward0>)\n"
     ]
    }
   ],
   "source": [
    "torch.manual_seed(123)\n",
    "dropout = torch.nn.Dropout(0.5)\n",
    "example = torch.ones(6,6)\n",
    "print(dropout(attn_weights))"
   ]
  },
  {
   "cell_type": "code",
   "execution_count": 23,
   "metadata": {},
   "outputs": [
    {
     "name": "stdout",
     "output_type": "stream",
     "text": [
      "torch.Size([2, 6, 3]) tensor([[[0.4300, 0.1500, 0.8900],\n",
      "         [0.5500, 0.8700, 0.6600],\n",
      "         [0.5700, 0.8500, 0.6400],\n",
      "         [0.2200, 0.5800, 0.3300],\n",
      "         [0.7700, 0.2500, 0.1000],\n",
      "         [0.0500, 0.8000, 0.5500]],\n",
      "\n",
      "        [[0.4300, 0.1500, 0.8900],\n",
      "         [0.5500, 0.8700, 0.6600],\n",
      "         [0.5700, 0.8500, 0.6400],\n",
      "         [0.2200, 0.5800, 0.3300],\n",
      "         [0.7700, 0.2500, 0.1000],\n",
      "         [0.0500, 0.8000, 0.5500]]])\n"
     ]
    }
   ],
   "source": [
    "batch = torch.stack((inputs, inputs), dim=0)\n",
    "print(batch.shape, batch)"
   ]
  },
  {
   "cell_type": "code",
   "execution_count": null,
   "metadata": {},
   "outputs": [],
   "source": [
    "class CausalAttention(nn.Module):\n",
    "    def __init__(self, d_in, d_out, context_length, dropout, qkv_bias=False):\n",
    "        super().__init__()\n",
    "        self.d_out = d_out\n",
    "        self.W_query = nn.Linear(d_in, d_out, bias=qkv_bias)\n",
    "        self.W_key = nn.Linear(d_in, d_out, bias=qkv_bias)\n",
    "        self.W_value = nn.Linear(d_in, d_out, bias=qkv_bias)\n",
    "        self.dropout = nn.Dropout(dropout)\n",
    "        self.register_buffer(\n",
    "            \"mask\", torch.triu(torch.ones(context_length, context_length), diagonal=1)\n",
    "        )\n",
    "\n",
    "    def forward(self, x):\n",
    "        b, num_tokens, d_in = x.shape\n",
    "        keys = self.W_key(x)\n",
    "        queries = self.W_query(x)\n",
    "        values = self.W_value(x)\n",
    "        attn_scores = queries @ keys.transpose(1, 2)\n",
    "        attn_scores.masked_fill_(                    #4\n",
    "            self.mask.bool()[:num_tokens, :num_tokens], -torch.inf) \n",
    "        attn_weights = torch.softmax(\n",
    "            attn_scores / keys.shape[-1]**0.5, dim=-1\n",
    "        )\n",
    "        attn_weights = self.dropout(attn_weights)\n",
    "\n",
    "        context_vec = attn_weights @ values\n",
    "        return context_vec\n",
    "        "
   ]
  }
 ],
 "metadata": {
  "kernelspec": {
   "display_name": "base",
   "language": "python",
   "name": "python3"
  },
  "language_info": {
   "codemirror_mode": {
    "name": "ipython",
    "version": 3
   },
   "file_extension": ".py",
   "mimetype": "text/x-python",
   "name": "python",
   "nbconvert_exporter": "python",
   "pygments_lexer": "ipython3",
   "version": "3.12.7"
  }
 },
 "nbformat": 4,
 "nbformat_minor": 2
}
